-1 -2 -3 -4 -5 0
-1 -2 -3 -4 -6 0
-1 -2 -3 -4 -7 0
-1 -2 -3 -4 -8 0
-1 -2 -3 -4 -9 0
-1 -2 -3 -4 -10 0
-1 -2 -3 -5 -6 0
-1 -2 -3 -5 -7 0
-1 -2 -3 -5 -8 0
-1 -2 -3 -5 -9 0
-1 -2 -3 -5 -10 0
-1 -2 -3 -6 -7 0
-1 -2 -3 -6 -8 0
-1 -2 -3 -6 -9 0
-1 -2 -3 -6 -10 0
-1 -2 -3 -7 -8 0
-1 -2 -3 -7 -9 0
-1 -2 -3 -7 -10 0
-1 -2 -3 -8 -9 0
-1 -2 -3 -8 -10 0
-1 -2 -3 -9 -10 0
-1 -2 -4 -5 -6 0
-1 -2 -4 -5 -7 0
-1 -2 -4 -5 -8 0
-1 -2 -4 -5 -9 0
-1 -2 -4 -5 -10 0
-1 -2 -4 -6 -7 0
-1 -2 -4 -6 -8 0
-1 -2 -4 -6 -9 0
-1 -2 -4 -6 -10 0
-1 -2 -4 -7 -8 0
-1 -2 -4 -7 -9 0
-1 -2 -4 -7 -10 0
-1 -2 -4 -8 -9 0
-1 -2 -4 -8 -10 0
-1 -2 -4 -9 -10 0
-1 -2 -5 -6 -7 0
-1 -2 -5 -6 -8 0
-1 -2 -5 -6 -9 0
-1 -2 -5 -6 -10 0
-1 -2 -5 -7 -8 0
-1 -2 -5 -7 -9 0
-1 -2 -5 -7 -10 0
-1 -2 -5 -8 -9 0
-1 -2 -5 -8 -10 0
-1 -2 -5 -9 -10 0
-1 -2 -6 -7 -8 0
-1 -2 -6 -7 -9 0
-1 -2 -6 -7 -10 0
-1 -2 -6 -8 -9 0
-1 -2 -6 -8 -10 0
-1 -2 -6 -9 -10 0
-1 -2 -7 -8 -9 0
-1 -2 -7 -8 -10 0
-1 -2 -7 -9 -10 0
-1 -2 -8 -9 -10 0
-1 -3 -4 -5 -6 0
-1 -3 -4 -5 -7 0
-1 -3 -4 -5 -8 0
-1 -3 -4 -5 -9 0
-1 -3 -4 -5 -10 0
-1 -3 -4 -6 -7 0
-1 -3 -4 -6 -8 0
-1 -3 -4 -6 -9 0
-1 -3 -4 -6 -10 0
-1 -3 -4 -7 -8 0
-1 -3 -4 -7 -9 0
-1 -3 -4 -7 -10 0
-1 -3 -4 -8 -9 0
-1 -3 -4 -8 -10 0
-1 -3 -4 -9 -10 0
-1 -3 -5 -6 -7 0
-1 -3 -5 -6 -8 0
-1 -3 -5 -6 -9 0
-1 -3 -5 -6 -10 0
-1 -3 -5 -7 -8 0
-1 -3 -5 -7 -9 0
-1 -3 -5 -7 -10 0
-1 -3 -5 -8 -9 0
-1 -3 -5 -8 -10 0
-1 -3 -5 -9 -10 0
-1 -3 -6 -7 -8 0
-1 -3 -6 -7 -9 0
-1 -3 -6 -7 -10 0
-1 -3 -6 -8 -9 0
-1 -3 -6 -8 -10 0
-1 -3 -6 -9 -10 0
-1 -3 -7 -8 -9 0
-1 -3 -7 -8 -10 0
-1 -3 -7 -9 -10 0
-1 -3 -8 -9 -10 0
-1 -4 -5 -6 -7 0
-1 -4 -5 -6 -8 0
-1 -4 -5 -6 -9 0
-1 -4 -5 -6 -10 0
-1 -4 -5 -7 -8 0
-1 -4 -5 -7 -9 0
-1 -4 -5 -7 -10 0
-1 -4 -5 -8 -9 0
-1 -4 -5 -8 -10 0
-1 -4 -5 -9 -10 0
-1 -4 -6 -7 -8 0
-1 -4 -6 -7 -9 0
-1 -4 -6 -7 -10 0
-1 -4 -6 -8 -9 0
-1 -4 -6 -8 -10 0
-1 -4 -6 -9 -10 0
-1 -4 -7 -8 -9 0
-1 -4 -7 -8 -10 0
-1 -4 -7 -9 -10 0
-1 -4 -8 -9 -10 0
-1 -5 -6 -7 -8 0
-1 -5 -6 -7 -9 0
-1 -5 -6 -7 -10 0
-1 -5 -6 -8 -9 0
-1 -5 -6 -8 -10 0
-1 -5 -6 -9 -10 0
-1 -5 -7 -8 -9 0
-1 -5 -7 -8 -10 0
-1 -5 -7 -9 -10 0
-1 -5 -8 -9 -10 0
-1 -6 -7 -8 -9 0
-1 -6 -7 -8 -10 0
-1 -6 -7 -9 -10 0
-1 -6 -8 -9 -10 0
-1 -7 -8 -9 -10 0
-2 -3 -4 -5 -6 0
-2 -3 -4 -5 -7 0
-2 -3 -4 -5 -8 0
-2 -3 -4 -5 -9 0
-2 -3 -4 -5 -10 0
-2 -3 -4 -6 -7 0
-2 -3 -4 -6 -8 0
-2 -3 -4 -6 -9 0
-2 -3 -4 -6 -10 0
-2 -3 -4 -7 -8 0
-2 -3 -4 -7 -9 0
-2 -3 -4 -7 -10 0
-2 -3 -4 -8 -9 0
-2 -3 -4 -8 -10 0
-2 -3 -4 -9 -10 0
-2 -3 -5 -6 -7 0
-2 -3 -5 -6 -8 0
-2 -3 -5 -6 -9 0
-2 -3 -5 -6 -10 0
-2 -3 -5 -7 -8 0
-2 -3 -5 -7 -9 0
-2 -3 -5 -7 -10 0
-2 -3 -5 -8 -9 0
-2 -3 -5 -8 -10 0
-2 -3 -5 -9 -10 0
-2 -3 -6 -7 -8 0
-2 -3 -6 -7 -9 0
-2 -3 -6 -7 -10 0
-2 -3 -6 -8 -9 0
-2 -3 -6 -8 -10 0
-2 -3 -6 -9 -10 0
-2 -3 -7 -8 -9 0
-2 -3 -7 -8 -10 0
-2 -3 -7 -9 -10 0
-2 -3 -8 -9 -10 0
-2 -4 -5 -6 -7 0
-2 -4 -5 -6 -8 0
-2 -4 -5 -6 -9 0
-2 -4 -5 -6 -10 0
-2 -4 -5 -7 -8 0
-2 -4 -5 -7 -9 0
-2 -4 -5 -7 -10 0
-2 -4 -5 -8 -9 0
-2 -4 -5 -8 -10 0
-2 -4 -5 -9 -10 0
-2 -4 -6 -7 -8 0
-2 -4 -6 -7 -9 0
-2 -4 -6 -7 -10 0
-2 -4 -6 -8 -9 0
-2 -4 -6 -8 -10 0
-2 -4 -6 -9 -10 0
-2 -4 -7 -8 -9 0
-2 -4 -7 -8 -10 0
-2 -4 -7 -9 -10 0
-2 -4 -8 -9 -10 0
-2 -5 -6 -7 -8 0
-2 -5 -6 -7 -9 0
-2 -5 -6 -7 -10 0
-2 -5 -6 -8 -9 0
-2 -5 -6 -8 -10 0
-2 -5 -6 -9 -10 0
-2 -5 -7 -8 -9 0
-2 -5 -7 -8 -10 0
-2 -5 -7 -9 -10 0
-2 -5 -8 -9 -10 0
-2 -6 -7 -8 -9 0
-2 -6 -7 -8 -10 0
-2 -6 -7 -9 -10 0
-2 -6 -8 -9 -10 0
-2 -7 -8 -9 -10 0
-3 -4 -5 -6 -7 0
-3 -4 -5 -6 -8 0
-3 -4 -5 -6 -9 0
-3 -4 -5 -6 -10 0
-3 -4 -5 -7 -8 0
-3 -4 -5 -7 -9 0
-3 -4 -5 -7 -10 0
-3 -4 -5 -8 -9 0
-3 -4 -5 -8 -10 0
-3 -4 -5 -9 -10 0
-3 -4 -6 -7 -8 0
-3 -4 -6 -7 -9 0
-3 -4 -6 -7 -10 0
-3 -4 -6 -8 -9 0
-3 -4 -6 -8 -10 0
-3 -4 -6 -9 -10 0
-3 -4 -7 -8 -9 0
-3 -4 -7 -8 -10 0
-3 -4 -7 -9 -10 0
-3 -4 -8 -9 -10 0
-3 -5 -6 -7 -8 0
-3 -5 -6 -7 -9 0
-3 -5 -6 -7 -10 0
-3 -5 -6 -8 -9 0
-3 -5 -6 -8 -10 0
-3 -5 -6 -9 -10 0
-3 -5 -7 -8 -9 0
-3 -5 -7 -8 -10 0
-3 -5 -7 -9 -10 0
-3 -5 -8 -9 -10 0
-3 -6 -7 -8 -9 0
-3 -6 -7 -8 -10 0
-3 -6 -7 -9 -10 0
-3 -6 -8 -9 -10 0
-3 -7 -8 -9 -10 0
-4 -5 -6 -7 -8 0
-4 -5 -6 -7 -9 0
-4 -5 -6 -7 -10 0
-4 -5 -6 -8 -9 0
-4 -5 -6 -8 -10 0
-4 -5 -6 -9 -10 0
-4 -5 -7 -8 -9 0
-4 -5 -7 -8 -10 0
-4 -5 -7 -9 -10 0
-4 -5 -8 -9 -10 0
-4 -6 -7 -8 -9 0
-4 -6 -7 -8 -10 0
-4 -6 -7 -9 -10 0
-4 -6 -8 -9 -10 0
-4 -7 -8 -9 -10 0
-5 -6 -7 -8 -9 0
-5 -6 -7 -8 -10 0
-5 -6 -7 -9 -10 0
-5 -6 -8 -9 -10 0
-5 -7 -8 -9 -10 0
-6 -7 -8 -9 -10 0
-11 -12 -13 -14 -15 0
-11 -12 -13 -14 -16 0
-11 -12 -13 -14 -17 0
-11 -12 -13 -14 -18 0
-11 -12 -13 -14 -19 0
-11 -12 -13 -14 -20 0
-11 -12 -13 -15 -16 0
-11 -12 -13 -15 -17 0
-11 -12 -13 -15 -18 0
-11 -12 -13 -15 -19 0
-11 -12 -13 -15 -20 0
-11 -12 -13 -16 -17 0
-11 -12 -13 -16 -18 0
-11 -12 -13 -16 -19 0
-11 -12 -13 -16 -20 0
-11 -12 -13 -17 -18 0
-11 -12 -13 -17 -19 0
-11 -12 -13 -17 -20 0
-11 -12 -13 -18 -19 0
-11 -12 -13 -18 -20 0
-11 -12 -13 -19 -20 0
-11 -12 -14 -15 -16 0
-11 -12 -14 -15 -17 0
-11 -12 -14 -15 -18 0
-11 -12 -14 -15 -19 0
-11 -12 -14 -15 -20 0
-11 -12 -14 -16 -17 0
-11 -12 -14 -16 -18 0
-11 -12 -14 -16 -19 0
-11 -12 -14 -16 -20 0
-11 -12 -14 -17 -18 0
-11 -12 -14 -17 -19 0
-11 -12 -14 -17 -20 0
-11 -12 -14 -18 -19 0
-11 -12 -14 -18 -20 0
-11 -12 -14 -19 -20 0
-11 -12 -15 -16 -17 0
-11 -12 -15 -16 -18 0
-11 -12 -15 -16 -19 0
-11 -12 -15 -16 -20 0
-11 -12 -15 -17 -18 0
-11 -12 -15 -17 -19 0
-11 -12 -15 -17 -20 0
-11 -12 -15 -18 -19 0
-11 -12 -15 -18 -20 0
-11 -12 -15 -19 -20 0
-11 -12 -16 -17 -18 0
-11 -12 -16 -17 -19 0
-11 -12 -16 -17 -20 0
-11 -12 -16 -18 -19 0
-11 -12 -16 -18 -20 0
-11 -12 -16 -19 -20 0
-11 -12 -17 -18 -19 0
-11 -12 -17 -18 -20 0
-11 -12 -17 -19 -20 0
-11 -12 -18 -19 -20 0
-11 -13 -14 -15 -16 0
-11 -13 -14 -15 -17 0
-11 -13 -14 -15 -18 0
-11 -13 -14 -15 -19 0
-11 -13 -14 -15 -20 0
-11 -13 -14 -16 -17 0
-11 -13 -14 -16 -18 0
-11 -13 -14 -16 -19 0
-11 -13 -14 -16 -20 0
-11 -13 -14 -17 -18 0
-11 -13 -14 -17 -19 0
-11 -13 -14 -17 -20 0
-11 -13 -14 -18 -19 0
-11 -13 -14 -18 -20 0
-11 -13 -14 -19 -20 0
-11 -13 -15 -16 -17 0
-11 -13 -15 -16 -18 0
-11 -13 -15 -16 -19 0
-11 -13 -15 -16 -20 0
-11 -13 -15 -17 -18 0
-11 -13 -15 -17 -19 0
-11 -13 -15 -17 -20 0
-11 -13 -15 -18 -19 0
-11 -13 -15 -18 -20 0
-11 -13 -15 -19 -20 0
-11 -13 -16 -17 -18 0
-11 -13 -16 -17 -19 0
-11 -13 -16 -17 -20 0
-11 -13 -16 -18 -19 0
-11 -13 -16 -18 -20 0
-11 -13 -16 -19 -20 0
-11 -13 -17 -18 -19 0
-11 -13 -17 -18 -20 0
-11 -13 -17 -19 -20 0
-11 -13 -18 -19 -20 0
-11 -14 -15 -16 -17 0
-11 -14 -15 -16 -18 0
-11 -14 -15 -16 -19 0
-11 -14 -15 -16 -20 0
-11 -14 -15 -17 -18 0
-11 -14 -15 -17 -19 0
-11 -14 -15 -17 -20 0
-11 -14 -15 -18 -19 0
-11 -14 -15 -18 -20 0
-11 -14 -15 -19 -20 0
-11 -14 -16 -17 -18 0
-11 -14 -16 -17 -19 0
-11 -14 -16 -17 -20 0
-11 -14 -16 -18 -19 0
-11 -14 -16 -18 -20 0
-11 -14 -16 -19 -20 0
-11 -14 -17 -18 -19 0
-11 -14 -17 -18 -20 0
-11 -14 -17 -19 -20 0
-11 -14 -18 -19 -20 0
-11 -15 -16 -17 -18 0
-11 -15 -16 -17 -19 0
-11 -15 -16 -17 -20 0
-11 -15 -16 -18 -19 0
-11 -15 -16 -18 -20 0
-11 -15 -16 -19 -20 0
-11 -15 -17 -18 -19 0
-11 -15 -17 -18 -20 0
-11 -15 -17 -19 -20 0
-11 -15 -18 -19 -20 0
-11 -16 -17 -18 -19 0
-11 -16 -17 -18 -20 0
-11 -16 -17 -19 -20 0
-11 -16 -18 -19 -20 0
-11 -17 -18 -19 -20 0
-12 -13 -14 -15 -16 0
-12 -13 -14 -15 -17 0
-12 -13 -14 -15 -18 0
-12 -13 -14 -15 -19 0
-12 -13 -14 -15 -20 0
-12 -13 -14 -16 -17 0
-12 -13 -14 -16 -18 0
-12 -13 -14 -16 -19 0
-12 -13 -14 -16 -20 0
-12 -13 -14 -17 -18 0
-12 -13 -14 -17 -19 0
-12 -13 -14 -17 -20 0
-12 -13 -14 -18 -19 0
-12 -13 -14 -18 -20 0
-12 -13 -14 -19 -20 0
-12 -13 -15 -16 -17 0
-12 -13 -15 -16 -18 0
-12 -13 -15 -16 -19 0
-12 -13 -15 -16 -20 0
-12 -13 -15 -17 -18 0
-12 -13 -15 -17 -19 0
-12 -13 -15 -17 -20 0
-12 -13 -15 -18 -19 0
-12 -13 -15 -18 -20 0
-12 -13 -15 -19 -20 0
-12 -13 -16 -17 -18 0
-12 -13 -16 -17 -19 0
-12 -13 -16 -17 -20 0
-12 -13 -16 -18 -19 0
-12 -13 -16 -18 -20 0
-12 -13 -16 -19 -20 0
-12 -13 -17 -18 -19 0
-12 -13 -17 -18 -20 0
-12 -13 -17 -19 -20 0
-12 -13 -18 -19 -20 0
-12 -14 -15 -16 -17 0
-12 -14 -15 -16 -18 0
-12 -14 -15 -16 -19 0
-12 -14 -15 -16 -20 0
-12 -14 -15 -17 -18 0
-12 -14 -15 -17 -19 0
-12 -14 -15 -17 -20 0
-12 -14 -15 -18 -19 0
-12 -14 -15 -18 -20 0
-12 -14 -15 -19 -20 0
-12 -14 -16 -17 -18 0
-12 -14 -16 -17 -19 0
-12 -14 -16 -17 -20 0
-12 -14 -16 -18 -19 0
-12 -14 -16 -18 -20 0
-12 -14 -16 -19 -20 0
-12 -14 -17 -18 -19 0
-12 -14 -17 -18 -20 0
-12 -14 -17 -19 -20 0
-12 -14 -18 -19 -20 0
-12 -15 -16 -17 -18 0
-12 -15 -16 -17 -19 0
-12 -15 -16 -17 -20 0
-12 -15 -16 -18 -19 0
-12 -15 -16 -18 -20 0
-12 -15 -16 -19 -20 0
-12 -15 -17 -18 -19 0
-12 -15 -17 -18 -20 0
-12 -15 -17 -19 -20 0
-12 -15 -18 -19 -20 0
-12 -16 -17 -18 -19 0
-12 -16 -17 -18 -20 0
-12 -16 -17 -19 -20 0
-12 -16 -18 -19 -20 0
-12 -17 -18 -19 -20 0
-13 -14 -15 -16 -17 0
-13 -14 -15 -16 -18 0
-13 -14 -15 -16 -19 0
-13 -14 -15 -16 -20 0
-13 -14 -15 -17 -18 0
-13 -14 -15 -17 -19 0
-13 -14 -15 -17 -20 0
-13 -14 -15 -18 -19 0
-13 -14 -15 -18 -20 0
-13 -14 -15 -19 -20 0
-13 -14 -16 -17 -18 0
-13 -14 -16 -17 -19 0
-13 -14 -16 -17 -20 0
-13 -14 -16 -18 -19 0
-13 -14 -16 -18 -20 0
-13 -14 -16 -19 -20 0
-13 -14 -17 -18 -19 0
-13 -14 -17 -18 -20 0
-13 -14 -17 -19 -20 0
-13 -14 -18 -19 -20 0
-13 -15 -16 -17 -18 0
-13 -15 -16 -17 -19 0
-13 -15 -16 -17 -20 0
-13 -15 -16 -18 -19 0
-13 -15 -16 -18 -20 0
-13 -15 -16 -19 -20 0
-13 -15 -17 -18 -19 0
-13 -15 -17 -18 -20 0
-13 -15 -17 -19 -20 0
-13 -15 -18 -19 -20 0
-13 -16 -17 -18 -19 0
-13 -16 -17 -18 -20 0
-13 -16 -17 -19 -20 0
-13 -16 -18 -19 -20 0
-13 -17 -18 -19 -20 0
-14 -15 -16 -17 -18 0
-14 -15 -16 -17 -19 0
-14 -15 -16 -17 -20 0
-14 -15 -16 -18 -19 0
-14 -15 -16 -18 -20 0
-14 -15 -16 -19 -20 0
-14 -15 -17 -18 -19 0
-14 -15 -17 -18 -20 0
-14 -15 -17 -19 -20 0
-14 -15 -18 -19 -20 0
-14 -16 -17 -18 -19 0
-14 -16 -17 -18 -20 0
-14 -16 -17 -19 -20 0
-14 -16 -18 -19 -20 0
-14 -17 -18 -19 -20 0
-15 -16 -17 -18 -19 0
-15 -16 -17 -18 -20 0
-15 -16 -17 -19 -20 0
-15 -16 -18 -19 -20 0
-15 -17 -18 -19 -20 0
-16 -17 -18 -19 -20 0
-21 -22 -23 -24 -25 0
-21 -22 -23 -24 -26 0
-21 -22 -23 -24 -27 0
-21 -22 -23 -24 -28 0
-21 -22 -23 -24 -29 0
-21 -22 -23 -25 -26 0
-21 -22 -23 -25 -27 0
-21 -22 -23 -25 -28 0
-21 -22 -23 -25 -29 0
-21 -22 -23 -26 -27 0
-21 -22 -23 -26 -28 0
-21 -22 -23 -26 -29 0
-21 -22 -23 -27 -28 0
-21 -22 -23 -27 -29 0
-21 -22 -23 -28 -29 0
-21 -22 -24 -25 -26 0
-21 -22 -24 -25 -27 0
-21 -22 -24 -25 -28 0
-21 -22 -24 -25 -29 0
-21 -22 -24 -26 -27 0
-21 -22 -24 -26 -28 0
-21 -22 -24 -26 -29 0
-21 -22 -24 -27 -28 0
-21 -22 -24 -27 -29 0
-21 -22 -24 -28 -29 0
-21 -22 -25 -26 -27 0
-21 -22 -25 -26 -28 0
-21 -22 -25 -26 -29 0
-21 -22 -25 -27 -28 0
-21 -22 -25 -27 -29 0
-21 -22 -25 -28 -29 0
-21 -22 -26 -27 -28 0
-21 -22 -26 -27 -29 0
-21 -22 -26 -28 -29 0
-21 -22 -27 -28 -29 0
-21 -23 -24 -25 -26 0
-21 -23 -24 -25 -27 0
-21 -23 -24 -25 -28 0
-21 -23 -24 -25 -29 0
-21 -23 -24 -26 -27 0
-21 -23 -24 -26 -28 0
-21 -23 -24 -26 -29 0
-21 -23 -24 -27 -28 0
-21 -23 -24 -27 -29 0
-21 -23 -24 -28 -29 0
-21 -23 -25 -26 -27 0
-21 -23 -25 -26 -28 0
-21 -23 -25 -26 -29 0
-21 -23 -25 -27 -28 0
-21 -23 -25 -27 -29 0
-21 -23 -25 -28 -29 0
-21 -23 -26 -27 -28 0
-21 -23 -26 -27 -29 0
-21 -23 -26 -28 -29 0
-21 -23 -27 -28 -29 0
-21 -24 -25 -26 -27 0
-21 -24 -25 -26 -28 0
-21 -24 -25 -26 -29 0
-21 -24 -25 -27 -28 0
-21 -24 -25 -27 -29 0
-21 -24 -25 -28 -29 0
-21 -24 -26 -27 -28 0
-21 -24 -26 -27 -29 0
-21 -24 -26 -28 -29 0
-21 -24 -27 -28 -29 0
-21 -25 -26 -27 -28 0
-21 -25 -26 -27 -29 0
-21 -25 -26 -28 -29 0
-21 -25 -27 -28 -29 0
-21 -26 -27 -28 -29 0
-22 -23 -24 -25 -26 0
-22 -23 -24 -25 -27 0
-22 -23 -24 -25 -28 0
-22 -23 -24 -25 -29 0
-22 -23 -24 -26 -27 0
-22 -23 -24 -26 -28 0
-22 -23 -24 -26 -29 0
-22 -23 -24 -27 -28 0
-22 -23 -24 -27 -29 0
-22 -23 -24 -28 -29 0
-22 -23 -25 -26 -27 0
-22 -23 -25 -26 -28 0
-22 -23 -25 -26 -29 0
-22 -23 -25 -27 -28 0
-22 -23 -25 -27 -29 0
-22 -23 -25 -28 -29 0
-22 -23 -26 -27 -28 0
-22 -23 -26 -27 -29 0
-22 -23 -26 -28 -29 0
-22 -23 -27 -28 -29 0
-22 -24 -25 -26 -27 0
-22 -24 -25 -26 -28 0
-22 -24 -25 -26 -29 0
-22 -24 -25 -27 -28 0
-22 -24 -25 -27 -29 0
-22 -24 -25 -28 -29 0
-22 -24 -26 -27 -28 0
-22 -24 -26 -27 -29 0
-22 -24 -26 -28 -29 0
-22 -24 -27 -28 -29 0
-22 -25 -26 -27 -28 0
-22 -25 -26 -27 -29 0
-22 -25 -26 -28 -29 0
-22 -25 -27 -28 -29 0
-22 -26 -27 -28 -29 0
-23 -24 -25 -26 -27 0
-23 -24 -25 -26 -28 0
-23 -24 -25 -26 -29 0
-23 -24 -25 -27 -28 0
-23 -24 -25 -27 -29 0
-23 -24 -25 -28 -29 0
-23 -24 -26 -27 -28 0
-23 -24 -26 -27 -29 0
-23 -24 -26 -28 -29 0
-23 -24 -27 -28 -29 0
-23 -25 -26 -27 -28 0
-23 -25 -26 -27 -29 0
-23 -25 -26 -28 -29 0
-23 -25 -27 -28 -29 0
-23 -26 -27 -28 -29 0
-24 -25 -26 -27 -28 0
-24 -25 -26 -27 -29 0
-24 -25 -26 -28 -29 0
-24 -25 -27 -28 -29 0
-24 -26 -27 -28 -29 0
-25 -26 -27 -28 -29 0
-30 -31 -32 -33 -34 0
-30 -31 -32 -33 -35 0
-30 -31 -32 -33 -36 0
-30 -31 -32 -33 -37 0
-30 -31 -32 -34 -35 0
-30 -31 -32 -34 -36 0
-30 -31 -32 -34 -37 0
-30 -31 -32 -35 -36 0
-30 -31 -32 -35 -37 0
-30 -31 -32 -36 -37 0
-30 -31 -33 -34 -35 0
-30 -31 -33 -34 -36 0
-30 -31 -33 -34 -37 0
-30 -31 -33 -35 -36 0
-30 -31 -33 -35 -37 0
-30 -31 -33 -36 -37 0
-30 -31 -34 -35 -36 0
-30 -31 -34 -35 -37 0
-30 -31 -34 -36 -37 0
-30 -31 -35 -36 -37 0
-30 -32 -33 -34 -35 0
-30 -32 -33 -34 -36 0
-30 -32 -33 -34 -37 0
-30 -32 -33 -35 -36 0
-30 -32 -33 -35 -37 0
-30 -32 -33 -36 -37 0
-30 -32 -34 -35 -36 0
-30 -32 -34 -35 -37 0
-30 -32 -34 -36 -37 0
-30 -32 -35 -36 -37 0
-30 -33 -34 -35 -36 0
-30 -33 -34 -35 -37 0
-30 -33 -34 -36 -37 0
-30 -33 -35 -36 -37 0
-30 -34 -35 -36 -37 0
-31 -32 -33 -34 -35 0
-31 -32 -33 -34 -36 0
-31 -32 -33 -34 -37 0
-31 -32 -33 -35 -36 0
-31 -32 -33 -35 -37 0
-31 -32 -33 -36 -37 0
-31 -32 -34 -35 -36 0
-31 -32 -34 -35 -37 0
-31 -32 -34 -36 -37 0
-31 -32 -35 -36 -37 0
-31 -33 -34 -35 -36 0
-31 -33 -34 -35 -37 0
-31 -33 -34 -36 -37 0
-31 -33 -35 -36 -37 0
-31 -34 -35 -36 -37 0
-32 -33 -34 -35 -36 0
-32 -33 -34 -35 -37 0
-32 -33 -34 -36 -37 0
-32 -33 -35 -36 -37 0
-32 -34 -35 -36 -37 0
-33 -34 -35 -36 -37 0
11 0
1 12 30 0
-1 -12 0
-1 -30 0
-12 -30 0
21 0
2 13 31 0
-2 -13 0
-2 -31 0
-13 -31 0
3 22 32 0
-3 -22 0
-3 -32 0
-22 -32 0
4 14 23 0
-4 -14 0
-4 -23 0
-14 -23 0
5 15 33 0
-5 -15 0
-5 -33 0
-15 -33 0
24 34 0
-24 -34 0
6 16 25 0
-6 -16 0
-6 -25 0
-16 -25 0
7 17 35 0
-7 -17 0
-7 -35 0
-17 -35 0
8 18 26 0
-8 -18 0
-8 -26 0
-18 -26 0
27 36 0
-27 -36 0
9 19 0
-9 -19 0
10 28 37 0
-10 -28 0
-10 -37 0
-28 -37 0
20 29 0
-20 -29 0
38 39 0
-38 -39 0
40 41 0
-40 -41 0
42 43 44 0
-42 -43 0
-42 -44 0
-43 -44 0
45 46 47 0
-45 -46 0
-45 -47 0
-46 -47 0
48 49 50 0
-48 -49 0
-48 -50 0
-49 -50 0
51 52 0
-51 -52 0
53 54 0
-53 -54 0
55 56 57 0
-55 -56 0
-55 -57 0
-56 -57 0
58 59 0
-58 -59 0
60 61 0
-60 -61 0
62 63 64 0
-62 -63 0
-62 -64 0
-63 -64 0
65 66 0
-65 -66 0
67 68 69 0
-67 -68 0
-67 -69 0
-68 -69 0
70 71 0
-70 -71 0
72 73 0
-72 -73 0
